

topk:0.01 alpha:0.425 delta:0.425 beta:0.85 gamma:0.0
topk user
0.020833333333333332 0.014093137254901961 0.014093137254901961 0.014093137254901961 0.014093137254901961 0.014093137254901961 0.014093137254901961 0.014093137254901961 0.014093137254901961 0.013480392156862746 0.013480392156862746 0.013480392156862746 0.013480392156862746 0.013480392156862746 0.013480392156862746 0.013480392156862746 0.013480392156862746 0.013480392156862746 0.013480392156862746 0.013480392156862746 0.013480392156862746 
topk tweet
0.49579604014103607 0.4971521562245728 0.49660970979115815 0.4960672633577434 0.49579604014103607 0.49579604014103607 0.4960672633577434 0.4960672633577434 0.49579604014103607 0.49579604014103607 0.4955248169243287 0.4952535937076214 0.4952535937076214 0.49498237049091404 0.4947111472742067 0.4947111472742067 0.49389747762408465 0.49389747762408465 0.49389747762408465 0.4936262544073773 0.4933550311906699 
spearmanr user
0.0067740102772687084 0.04489851538285272 0.04492592277548802 0.045014431892454444 0.04507784086416262 0.045116785137144746 0.045168973453007834 0.045164916336408525 0.04520761582741218 0.045259753168121246 0.04528994206584817 0.04534123155133106 0.04539254667106666 0.045450826785888646 0.045491551148984385 0.04553729425890291 0.045528050108335834 0.045536794284088786 0.04560660855913036 0.04563318425739947 0.04569831232582589 
spearmanr tweet
0.11313027065341363 0.10707012407524949 0.10729298150825807 0.10751239623995022 0.10752854082902118 0.10756920239871674 0.1076080597273875 0.10764025287214193 0.10767842695889421 0.10774451688408389 0.10778280662619028 0.10783592483676854 0.1079124328473507 0.10796960689446435 0.10805341413222541 0.10808330136551358 0.10813938997989372 0.10817424642943176 0.10828911422798244 0.10839655678504322 0.10845258628095203 
