

topk:0.01 alpha:0.425 delta:0.425 beta:0.85 gamma:0.0
topk user
0.001239157372986369 0.001239157372986369 0.001239157372986369 0.001239157372986369 0.001239157372986369 0.0006195786864931845 0.0006195786864931845 0.0006195786864931845 0.0006195786864931845 0.0006195786864931845 0.0006195786864931845 0.0006195786864931845 0.0006195786864931845 0.0006195786864931845 0.001239157372986369 0.0006195786864931845 0.0006195786864931845 0.0006195786864931845 0.001239157372986369 0.001239157372986369 0.001239157372986369 
topk tweet
0.31395348837209297 0.3147036759189798 0.3118904726181545 0.3083270817704425 0.30701425356339096 0.30063765941485365 0.29538634658664653 0.29144786196549144 0.2798199549887472 0.2661290322580644 0.25693923480870223 0.2563765941485371 0.2516879219804951 0.23912228057014256 0.2181170292573143 0.19992498124531138 0.18492123030757682 0.1427231807951988 0.12003000750187545 0.10183795948987244 0.08064516129032256 
spearmanr user
0.054139696003526305 0.0749396505360618 0.0750920635686037 0.07530400260791861 0.07532272344507625 0.07515946354695531 0.0754028843783996 0.0757272747858145 0.0758442474222359 0.07659406517999062 0.07614531259387573 0.07729607355255268 0.07639695915278437 0.07678456297629846 0.07724344541016162 0.078294754064145 0.07785500596857957 0.07868061259621649 0.07873140428332091 0.07928020280053333 0.07967779312015459 
spearmanr tweet
0.1733924894227416 0.16528305623357603 0.1656708983212045 0.16622152752607366 0.16672463218117975 0.1694765405121972 0.17018935580098443 0.17289815612249018 0.1742762969040871 0.17618837793600803 0.17755973967482597 0.17884908996752188 0.1800620272047676 0.18096311132739673 0.18224161979885342 0.18340452262773208 0.1841414019002675 0.18690090148268676 0.1886484175588024 0.18997909852598968 0.19167124877784655 
