

topk:0.01 alpha:0.425 delta:0.425 beta:0.85 gamma:0.0
topk user
0.02029520295202952 0.01845018450184501 0.01845018450184501 0.01845018450184501 0.01845018450184501 0.01845018450184501 0.01845018450184501 0.02029520295202952 0.02029520295202952 0.01845018450184501 0.01845018450184501 0.02029520295202952 0.01845018450184501 0.02029520295202952 0.01845018450184501 0.02029520295202952 0.02029520295202952 0.02029520295202952 0.02029520295202952 0.02029520295202952 0.02029520295202952 
topk tweet
0.019243986254295527 0.01855670103092783 0.015120274914089345 0.02130584192439862 0.017869415807560133 0.017869415807560133 0.01855670103092783 0.019931271477663222 0.017182130584192438 0.016494845360824743 0.021993127147766314 0.026116838487972516 0.02268041237113401 0.02130584192439862 0.02680412371134021 0.024742268041237123 0.02268041237113401 0.024054982817869427 0.024054982817869427 0.026116838487972516 0.029553264604810996 
spearmanr user
0.10728623525105105 0.11728310947262359 0.1172849473262259 0.11753745517854482 0.11773603937721824 0.11787836418096923 0.11781540511705528 0.1181256054084523 0.11775183075556155 0.11807587535219248 0.11795402109250257 0.11786447205320864 0.11821538151256443 0.11812095208203406 0.11810784096843688 0.11862604730991637 0.11899088821190658 0.1190252783929124 0.11864429583128717 0.11861063149108579 0.11902903455920186 
spearmanr tweet
0.0348623416838193 0.03328281385257015 0.03332061882684169 0.03334716981751621 0.03339114502887415 0.033682304348549456 0.033852942870569426 0.03382402237359734 0.03443462138723941 0.03427349575735476 0.034554859588328504 0.034744240566291 0.03510078574829944 0.0354509140839392 0.03593896065638436 0.036646090580558045 0.037423741498950634 0.03767937706529515 0.03836899452144497 0.038868538346956104 0.03922154611831478 
