

topk:0.01 alpha:0.85 delta:0.425 beta:0.5 gamma:0.5
topk user
0.32723577235772355 0.31910569105691056 0.31910569105691056 0.3170731707317073 0.3170731707317073 0.3170731707317073 0.3170731707317073 0.3170731707317073 0.3170731707317073 0.3170731707317073 
topk tweet
0.041727316836487144 0.04160601649684619 0.04330422125181951 0.044638524987869965 0.04439592430858806 0.04439592430858806 0.04451722464822901 0.044638524987869965 0.044638524987869965 0.04475982532751092 
spearmanr user
0.6797580247658211 0.6653840708265774 0.6598412060154175 0.6568375070802801 0.655058481697714 0.6540789428179294 0.6535199325013141 0.653132986048747 0.6530437226592037 0.6502362047776179 
spearmanr tweet
0.27357067739491686 0.2746817190270477 0.27528011272102604 0.27580961512613755 0.27621668939964045 0.2764773355865388 0.27663769168097063 0.2764274153392546 0.27507244716278484 0.17541199068885793 
Iteration 
38 35 34 34 34 34 34 34 34 34 
