

topk:0.01 alpha:0.425 delta:0.425 beta:0.85 gamma:0.0
topk user
0.02032520325203252 0.014227642276422762 0.012195121951219516 0.012195121951219516 0.012195121951219516 0.012195121951219516 0.012195121951219516 0.012195121951219516 0.012195121951219516 0.012195121951219516 0.012195121951219516 0.012195121951219516 0.012195121951219516 0.012195121951219516 0.012195121951219516 0.012195121951219516 0.012195121951219516 0.012195121951219516 0.012195121951219516 0.012195121951219516 0.012195121951219516 
topk tweet
0.058102862688015545 0.07108199902959729 0.07108199902959729 0.07108199902959729 0.07108199902959729 0.07108199902959729 0.07108199902959729 0.07108199902959729 0.07108199902959729 0.07108199902959729 0.07108199902959729 0.07108199902959729 0.07108199902959729 0.07108199902959729 0.07108199902959729 0.07108199902959729 0.07108199902959729 0.07108199902959729 0.07108199902959729 0.07108199902959729 0.07108199902959729 
spearmanr user
0.027075294235453 0.04251038554313647 0.04251008799240295 0.042509980344798 0.04251016660731685 0.04251005306480235 0.042510158392472415 0.04250998900388159 0.04251028553955561 0.042510016849872406 0.04251657929617948 0.04251013830373071 0.042510069546111584 0.042510104146651566 0.04251011511502499 0.042510283782732944 0.042510207549413065 0.04251032235879205 0.04251020821667328 0.04250874702099204 0.042508750338817396 
spearmanr tweet
0.2780775264143038 0.27665784550821326 0.276657625812249 0.27665686978208825 0.2766568501220874 0.27665684533947565 0.27665682877425785 0.2766568199041147 0.27665727115788974 0.27665728075630025 0.2766573196324754 0.2766573380019131 0.27665736068984 0.2766573983560031 0.2766573635728446 0.27665739616733703 0.27665734684145515 0.27665741303190844 0.27665742532941456 0.27665742796994147 0.27665738208203666 
