

topk:0.01 alpha:0.425 delta:0.425 beta:0.5 gamma:0.5
topk user
0.42401960784313725 0.42401960784313725 0.42401960784313725 0.42340686274509803 0.42340686274509803 0.42340686274509803 0.42340686274509803 0.42340686274509803 0.42340686274509803 0.42340686274509803 
topk tweet
0.026308652020612965 0.025494982370490915 0.025494982370490915 0.025494982370490915 0.025223759153783564 0.025223759153783564 0.025223759153783564 0.025223759153783564 0.025223759153783564 0.025223759153783564 
spearmanr user
0.7266592957997565 0.7166950560903849 0.7108391873759236 0.7065745324181187 0.70329899532158 0.7007287848698818 0.6983709113467862 0.6967512881281179 0.6951635386357993 0.6935305949600276 
spearmanr tweet
0.16149009558490354 0.1603733259773807 0.15901759868500787 0.15926372733583927 0.15928027932051583 0.15812266470356573 0.15713557797056033 0.15660682610424362 0.15850276158188373 0.137813545171824 
Iteration 
22 22 22 22 22 22 22 22 22 22 
