

topk:0.01 alpha:0.9 delta:0.425 beta:0.425 gamma:0.425
topk user
0.3170731707317073 0.3170731707317073 0.3170731707317073 0.3170731707317073 0.3170731707317073 0.3170731707317073 0.3170731707317073 0.3170731707317073 0.3170731707317073 
topk tweet
0.044638524987869965 0.044638524987869965 0.044638524987869965 0.044638524987869965 0.044638524987869965 0.044638524987869965 0.044638524987869965 0.044638524987869965 0.044638524987869965 
spearmanr user
0.6513245527555948 0.652255000420304 0.6527535121507763 0.6532597759577748 0.653872871929162 0.6542190727022101 0.6538428605371135 0.6535287543719461 0.6522480963092538 
spearmanr tweet
0.26121171044650615 0.2623152334480362 0.2699319662478062 0.2725587400142752 0.27359260083597303 0.27436106800526944 0.27517776872667526 0.27570937593493755 0.2762024508918201 
Iteration 
32 32 32 32 32 33 33 33 34 


topk:0.01 alpha:1.0 delta:0.425 beta:0.425 gamma:0.425
topk user
0.3170731707317073 0.3170731707317073 0.3170731707317073 0.3170731707317073 0.3170731707317073 0.3170731707317073 0.3170731707317073 0.3170731707317073 0.3170731707317073 0.3170731707317073 
topk tweet
0.044638524987869965 0.044638524987869965 0.044638524987869965 0.044638524987869965 0.044638524987869965 0.044638524987869965 0.044638524987869965 0.044638524987869965 0.044638524987869965 0.044638524987869965 
spearmanr user
0.6513245527555948 0.652255000420304 0.6527535121507763 0.6532597759577748 0.653872871929162 0.6542190727022101 0.6538428605371135 0.6535287543719461 0.6522480963092538 0.6478919448402088 
spearmanr tweet
0.26121171044650615 0.2623152334480362 0.2699319662478062 0.2725587400142752 0.27359260083597303 0.27436106800526944 0.27517776872667526 0.27570937593493755 0.2762024508918201 0.2766861036990239 
Iteration 
32 32 32 32 32 33 33 33 34 34 
