

topk:0.01 alpha:0.5 delta:0.5 beta:0.425 gamma:0.425
topk user
0.3170731707317073 0.3170731707317073 0.3170731707317073 0.3170731707317073 0.3170731707317073 0.3170731707317073 0.3170731707317073 0.3170731707317073 0.3170731707317073 0.3170731707317073 
topk tweet
0.044638524987869965 0.044638524987869965 0.044638524987869965 0.044638524987869965 0.044638524987869965 0.044638524987869965 0.044638524987869965 0.044638524987869965 0.044638524987869965 0.044638524987869965 
spearmanr user
0.6505557095988338 0.6514373137986962 0.6519277607542928 0.6522973877272504 0.6529647515492065 0.6535189346586967 0.6538436562811023 0.6537236690581177 0.6533013172606787 0.6478329378073496 
spearmanr tweet
0.26027214411740723 0.26140036460472865 0.2620954657164445 0.2641683585312702 0.2713313317180922 0.2728033905796468 0.2739733457410487 0.27492812981855286 0.2757952134746657 0.2766778661576322 
Iteration 
31 32 32 32 32 32 32 33 34 34 
