

topk:0.01 alpha:0.85 delta:0 beta:0.425 gamma:0.425
topk user
0.5769679981312775 0.5548353188507356 0.5433309974305071 0.5680915673907966 0.5518570427470219 0.5541929455734641 0.388110254613408 0.5355057229619249 0.5727049754730201 0.3792338238729267 0.365685587479561 0.38203690726465767 0.38267928054192957 0.3784746554543332 0.37514599392665277 0.3714669469750058 0.37158374211632783 0.36965662228451285 0.37105816398037833 0.3631160943704741 0.36165615510394755 
topk tweet
0.0019797368114591826 0.00139746127867707 0.00139746127867707 0.0019797368114591826 0.0015139163852334922 0.0017468265983463373 0.005939210434377547 0.0030278327704669843 0.0019797368114591826 0.0066379410737160815 0.006405030860603235 0.006172120647490394 0.006288575754046814 0.006754396180272503 0.006754396180272503 0.006405030860603235 0.006172120647490394 0.0066379410737160815 0.006288575754046814 0.006521485967159663 0.006521485967159663 
spearmanr user
0.2565640710583591 0.26211614219578105 0.2899292466056579 0.3079207919820541 0.3196073647468455 0.32602108399850493 0.3297428391594267 0.33591883458171545 0.34048671343505554 0.33946750477443194 0.3405802690459074 0.34412693570108394 0.3458156185418446 0.3479003008030428 0.34801190836512946 0.3500338878988185 0.3498375386635519 0.35140930875253856 0.35177956434435226 0.35209324142064796 0.35277474536109305 
spearmanr tweet
-0.17175032867500303 -0.18497302690081752 -0.1783056525969702 -0.17345795412872367 -0.17184354810621683 -0.16937141795993235 -0.1536330764935817 -0.16470828482772945 -0.16507955509397312 -0.15210461791444543 -0.15155709244986187 -0.14857607395077826 -0.14994105262587146 -0.1506800300433658 -0.1504092176307315 -0.1506353507934976 -0.15047676246441138 -0.14941612115071834 -0.15038196752655594 -0.14892949477842782 -0.14880031204903527 
