

topk:0.01 alpha:0.425 delta:0.425 beta:0.5 gamma:0.5
topk user
0.07036907264657791 0.07060266292922214 0.08666199486101378 0.09197617379117029 0.09250175192711983 0.09145059565522075 0.09074982480728802 0.08975706610604998 0.08864751226348984 0.08771315113291286 
topk tweet
0.2159077675556073 0.17934086409689065 0.12798416210550834 0.1060906020729009 0.08990334226155818 0.08116920926982649 0.07429835798299755 0.06940724350762781 0.0652148596715966 0.06276930243391173 
spearmanr user
0.19515175528500564 0.21767031287000596 0.2570241607727717 0.2899643352261773 0.3198096694401915 0.3477400114305107 0.37360091700422066 0.3974039830400296 0.4207198103585932 0.4432830506653751 
spearmanr tweet
0.3538408662153727 0.3886985441438438 0.4460754187981726 0.4883246864762112 0.5213942724530533 0.5479541387665336 0.5695147933103069 0.5870234723038569 0.6011023001810126 0.612200739989968 
Iteration 
12 111 107 109 110 111 111 112 113 113 
