

topk:0.01 alpha:0.85 delta:0 beta:0.425 gamma:0.425
topk user
0.02032520325203252 0.22154471544715448 0.2784552845528455 0.29878048780487804 0.31910569105691056 0.31097560975609756 0.30284552845528456 0.31097560975609756 0.32113821138211385 0.3150406504065041 0.31910569105691056 0.32113821138211385 0.3231707317073171 0.31910569105691056 0.31910569105691056 0.3170731707317073 0.31910569105691056 0.3231707317073171 0.31097560975609756 0.32113821138211385 0.3170731707317073 
topk tweet
0.05409995147986414 0.05652595827268316 0.055312954876273655 0.046700630761766136 0.0492479378942261 0.043546821931101404 0.044153323629306164 0.04451722464822901 0.04330422125181951 0.04488112566715187 0.044153323629306164 0.04500242600679282 0.04500242600679282 0.04548762736535662 0.04694323144104803 0.04403202328966521 0.045608927704997575 0.04488112566715187 0.04500242600679282 0.04548762736535662 0.044638524987869965 
spearmanr user
0.024305667340753467 0.4705433541473714 0.5720929839797805 0.6135261718313652 0.6368831495012773 0.645592657644587 0.6551820449298488 0.6581249850780482 0.6611357043626738 0.6639729732007325 0.6636053772412279 0.6619488849472832 0.6634571908347617 0.6607058668260445 0.6601401390681519 0.6579957406575021 0.6580878404799947 0.6572398656112716 0.656553930587603 0.6542550914912402 0.6530849328525868 
spearmanr tweet
0.27788076260708444 0.27965092672941705 0.28151532060892936 0.2805875915276367 0.2813224411063911 0.2803376736621536 0.28051368479555816 0.27949213910234566 0.2800352709218448 0.2778863762895302 0.27891526669075023 0.27884531632735055 0.2784625763464295 0.27803336977696375 0.2777837600177112 0.27717359387249935 0.2766326805691855 0.27664021744550243 0.27627127402898205 0.2762139702739416 0.2759628845750171 


topk:0.01 alpha:0.85 delta:0 beta:0.425 gamma:0.425
topk user
0.02032520325203252 0.225609756097561 0.2804878048780487 0.27439024390243905 0.29674796747967486 0.3170731707317074 0.31300813008130063 0.3069105691056909 0.31300813008130063 0.31504065040650414 0.30894308943089427 0.3170731707317074 0.3170731707317074 0.3231707317073171 0.3211382113821139 0.3211382113821139 0.31504065040650414 0.31097560975609745 0.3211382113821139 0.3170731707317074 0.3170731707317074 
topk tweet
0.05409995147986414 0.06380397865114021 0.05604075691411936 0.04512372634643379 0.045487627365356616 0.0458515283842795 0.04657933042212517 0.04609412906356137 0.04451722464822902 0.04427462396894711 0.04415332362930616 0.04403202328966519 0.04427462396894711 0.04451722464822902 0.04451722464822902 0.044638524987869986 0.043668122270742356 0.043668122270742356 0.04500242600679282 0.04451722464822902 0.044638524987869986 
spearmanr user
0.02430566734075346 0.4761990249914387 0.5776896996401515 0.6131160871928104 0.6297053477705051 0.6478228654119303 0.6551348094780932 0.6569183746044805 0.6602173765682681 0.6620700890312036 0.6626557617353179 0.6617672739630353 0.66133180616154 0.6598835329436403 0.6630226232316792 0.6597421508966531 0.6583871126347147 0.6561813915443692 0.6564070814219423 0.6543308915706642 0.6530849328525866 
spearmanr tweet
0.2778807615962332 0.28049244875698326 0.2810049299917673 0.2806675910169564 0.2806200339316295 0.28139830518968983 0.28115769845228566 0.27945388266860055 0.2799111956779843 0.2788278172023429 0.2794938681160816 0.27913394476887154 0.27885927815733397 0.27861436752361934 0.27796312663907485 0.2773473608882969 0.27768729828274197 0.27705983953876984 0.2769334601486397 0.27615023752281187 0.27596288457501633 
