

topk:0.01 alpha:1.0 delta:0.425 beta:0.425 gamma:0.425
topk user
0.30049566294919455 0.30049566294919455 0.30049566294919455 0.30049566294919455 0.30049566294919455 0.30049566294919455 0.30049566294919455 0.30049566294919455 0.30049566294919455 0.30049566294919455 
topk tweet
0.033008252063015754 0.033008252063015754 0.033008252063015754 0.033008252063015754 0.033008252063015754 0.033008252063015754 0.033008252063015754 0.033008252063015754 0.033008252063015754 0.033008252063015754 
spearmanr user
0.6501899806866879 0.6518000401449149 0.6527853452767215 0.6543131684424804 0.6564201901040038 0.6578311950494463 0.6600891533056832 0.662798477551833 0.6666653977795857 0.6607917638549591 
spearmanr tweet
0.1364977174378938 0.1397859848606755 0.1422861208701006 0.14467095413237613 0.147452596982493 0.15024033808054627 0.15254810364649282 0.1547304462027234 0.1561418700541802 0.15836308195425502 
Iteration 
86 86 86 86 87 87 87 87 87 88 
