

topk:0.01 alpha:0.5 delta:0.5 beta:0.425 gamma:0.425
topk user
0.4882036907264658 0.4894884372810091 0.47021723896285916 0.42957252978276106 0.366795141322121 0.2834034104181266 0.19598224713851903 0.11661994861013782 0.0717122167717823 0.05851436580238262 
topk tweet
0.3053452893909398 0.2832188191452195 0.25841388144870153 0.23046465587516013 0.19750786071969256 0.15931058576918597 0.1236753231629207 0.08652614417142192 0.04972633049959241 0.03482007686037033 
spearmanr user
0.396345433788745 0.4056374169215571 0.41231017831296213 0.41676524811706733 0.4194188944717347 0.42006925904939174 0.4189686422583795 0.4145879757880225 0.399000660597971 0.2527371939026175 
spearmanr tweet
0.6158905982717433 0.6147547040238872 0.6132174211686551 0.6113605327534102 0.6092013877260652 0.6066561226135355 0.6034241787420921 0.5985232806415663 0.5874010850497967 0.4452630630992135 
Iteration 
91 93 86 89 94 99 104 110 115 120 
