

topk:0.01 alpha:1.0 delta:0.425 beta:0.425 gamma:0.425
topk user
0.3170731707317073 0.3170731707317073 0.3170731707317073 0.3170731707317073 0.3170731707317073 0.3170731707317073 0.3170731707317073 0.3170731707317073 0.3170731707317073 0.3170731707317073 
topk tweet
0.044638524987869965 0.044638524987869965 0.044638524987869965 0.044638524987869965 0.044638524987869965 0.044638524987869965 0.044638524987869965 0.044638524987869965 0.044638524987869965 0.044638524987869965 
spearmanr user
0.6513245527555948 0.652255000420304 0.6527535121507763 0.6532597759577748 0.653872871929162 0.6542190727022101 0.6538428605371135 0.6535287543719461 0.6522480963092538 0.6478919448402088 
spearmanr tweet
0.26121171044650615 0.26231523344803737 0.2699319662478081 0.27255874001427693 0.27359260083597314 0.2743610680052693 0.27517776872667443 0.2757093759349377 0.27620245089181905 0.27668610467221566 
Iteration 
32 32 32 32 32 33 33 33 34 34 
