

topk:0.01 alpha:0.85 delta:0.425 beta:0.5 gamma:0.5
topk user
0.45571955719557194 0.45571955719557194 0.45571955719557194 0.45571955719557194 0.45571955719557194 0.45571955719557194 0.45571955719557194 0.45571955719557194 0.45571955719557194 0.45571955719557194 
topk tweet
0.009621993127147767 0.009621993127147767 0.009621993127147767 0.009621993127147767 0.009621993127147767 0.009621993127147767 0.009621993127147767 0.009621993127147767 0.009621993127147767 0.009621993127147767 
spearmanr user
0.8021459296541681 0.7899154206622454 0.7831862689250725 0.777889242291909 0.7736838148164537 0.7700466331556888 0.7669261064536647 0.7640637843534355 0.7615131938652963 0.7585018149238547 
spearmanr tweet
0.1563211030502368 0.155500901483108 0.1557452000315442 0.15458755223299783 0.15350093420443423 0.15248145637131452 0.15112657215720918 0.14888760135447435 0.14689085196969823 0.12896045516325802 
Iteration 
28 28 28 28 28 28 28 28 28 28 


topk:0.01 alpha:0.85 delta:0.425 beta:0.5 gamma:0.5
topk user
0.45571955719557194 0.45571955719557194 0.45571955719557194 0.45571955719557194 0.45571955719557194 0.45571955719557194 0.45571955719557194 0.45571955719557194 0.45571955719557194 0.45571955719557194 
topk tweet
0.009621993127147767 0.009621993127147767 0.009621993127147767 0.009621993127147767 0.009621993127147767 0.009621993127147767 0.009621993127147767 0.009621993127147767 0.009621993127147767 0.009621993127147767 
spearmanr user
0.8021459296541681 0.7899154206622454 0.7831862689250725 0.777889242291909 0.7736838148164537 0.7700466331556888 0.7669261064536647 0.7640637843534355 0.7615131938652963 0.7585018149238547 
spearmanr tweet
0.1563211030502368 0.155500901483108 0.1557452000315442 0.15458755223299783 0.15350093420443423 0.15248145637131452 0.15112657215720918 0.14888760135447435 0.14689085196969823 0.12896045516325802 
Iteration 
28 28 28 28 28 28 28 28 28 28 
