

topk:0.01 alpha:0.85 delta:0 beta:0.425 gamma:0.425
topk user
0.0012391573729863693 0.2757125154894672 0.2936802973977695 0.2955390334572491 0.2955390334572491 0.30111524163568776 0.3042131350681537 0.2980173482032218 0.3017348203221809 0.298636926889715 0.298636926889715 0.2992565055762082 0.2992565055762082 0.298636926889715 0.30049566294919455 0.30049566294919455 0.2992565055762082 0.2992565055762082 0.29987608426270135 0.29987608426270135 0.30049566294919455 

topk:0.01 alpha:0.85 delta:0 beta:0.425 gamma:0.425
topk user
0.0012391573729863693 0.27261462205700127 0.2949194547707559 0.29615861214374223 0.2930607187112763 0.30049566294919455 0.29615861214374223 0.29987608426270135 0.2980173482032218 0.29987608426270135 0.30049566294919455 0.2980173482032218 0.298636926889715 0.30111524163568776 0.2992565055762082 0.30049566294919455 0.30049566294919455 0.298636926889715 0.2992565055762082 0.30049566294919455 0.30049566294919455 
topk tweet
0.313953488372093 0.03319579894973743 0.03113278319579895 0.03188297074268567 0.0335708927231808 0.03244561140285071 0.03375843960990248 0.033008252063015754 0.033008252063015754 0.03338334583645911 0.033008252063015754 0.033008252063015754 0.0335708927231808 0.03375843960990248 0.0335708927231808 0.03319579894973743 0.03319579894973743 0.032633158289572396 0.03319579894973743 0.033008252063015754 0.033008252063015754 
spearmanr user
0.04937856859186787 0.5399480345219948 0.6045043556851125 0.6395931669197376 0.6487438164031076 0.6592567160506351 0.6682537752594075 0.6700168563448928 0.6734233864737496 0.675267305723553 0.6744845006647456 0.6743186524971888 0.6733237448706777 0.6730660795808966 0.6714719296154027 0.6702787467512288 0.670166978130459 0.6693593471024503 0.6675009126581829 0.665907812805977 0.6647740360906748 
spearmanr tweet
0.16801406332721744 0.18706406773536996 0.18602311886826206 0.17934416412534387 0.18033176143880877 0.17520737621581675 0.17182077393224685 0.17118901205365178 0.1704888342301572 0.16795105900444324 0.1672492206453307 0.1645788648252294 0.1625235943558367 0.16362774968093546 0.1615002141027574 0.1609775201958559 0.15974702294436635 0.1589780225558566 0.15620406426287964 0.1585413970882359 0.15615315074280853 


topk:0.01 alpha:0.85 delta:0 beta:0.425 gamma:0.425
topk user
0.001239157372986369 0.27199504337050795 0.2930607187112762 0.29429987608426267 0.2924411400247831 0.29553903345724913 0.3004956629491946 0.30111524163568776 0.2992565055762082 0.3004956629491946 0.29863692688971505 0.2998760842627013 0.2992565055762082 0.30111524163568776 0.29863692688971505 0.30173482032218085 0.29863692688971505 0.2998760842627013 0.2998760842627013 0.30173482032218085 0.3004956629491946 
topk tweet
0.31395348837209297 0.03319579894973744 0.03225806451612902 0.03225806451612902 0.033008252063015754 0.032445611402850724 0.03432108027006752 0.03338334583645911 0.03338334583645911 0.033570892723180805 0.03338334583645911 0.032633158289572396 0.033570892723180805 0.033570892723180805 0.03338334583645911 0.03319579894973744 0.03282070517629408 0.03282070517629408 0.03319579894973744 0.033008252063015754 0.033008252063015754 
spearmanr user
0.04937856859186786 0.5351997187094988 0.6106793018873762 0.6366824365589073 0.6494304019068763 0.6637677416625346 0.6668798637451748 0.6707840391215109 0.6726405024525577 0.6735293475865478 0.6743308653761667 0.6738834568342876 0.6739956776598102 0.6728805348694885 0.6725652914388397 0.6711087574310869 0.6702572289660863 0.669163083052037 0.6670037518536274 0.6657199298879237 0.6647740360906748 
spearmanr tweet
0.16801406179676526 0.18486308282983285 0.18176372384120476 0.17839364611588804 0.17501106616355505 0.17496531078983985 0.17230300074416233 0.17086104005693736 0.16940390787574705 0.16793594557633928 0.16401971050524736 0.16532127851039796 0.1632067970011429 0.16294617962169675 0.16283670260214048 0.16028920288366777 0.16001093847177522 0.16014700298333068 0.15768941576262754 0.15699858000342107 0.15615315074280833 
