

topk:0.01 alpha:0.85 delta:0.425 beta:0.5 gamma:0.5
topk user
0.02096472786732072 0.03801681850035039 0.08572763373043682 0.16409717355758 0.24211632796075683 0.2986451763606634 0.33526045316514835 0.3570427470217239 0.364868021490306 0.36714552674608736 
topk tweet
0.0008151857458949575 0.0019797368114591826 0.004075928729474787 0.005706300221264703 0.005939210434377547 0.006288575754046815 0.006405030860603237 0.00652148596715966 0.00652148596715966 0.00652148596715966 
spearmanr user
0.09480079732746549 0.1159257143203878 0.15541193096950962 0.19537998922615468 0.23403508510461174 0.2715752287765229 0.3069846511975343 0.33880867567612266 0.36706715488508146 0.39878525445243296 
spearmanr tweet
-0.2251199484535987 -0.21903913431296887 -0.21383601487451276 -0.2086654978318884 -0.20255759053591893 -0.19463933293973365 -0.18328525122252118 -0.16446746809058896 -0.12354685821903266 0.056224106667394774 
Iteration 
13 133 150 161 168 174 179 183 186 189 
