

topk:0.01 alpha:0.425 delta:0.425 beta:0.5 gamma:0.5
topk user
0.32723577235772355 0.31910569105691056 0.31910569105691056 0.3170731707317073 0.3170731707317073 0.3170731707317073 0.3170731707317073 0.3170731707317073 0.3170731707317073 0.3170731707317073 
topk tweet
0.041727316836487144 0.04160601649684619 0.04330422125181951 0.044638524987869965 0.04439592430858806 0.04439592430858806 0.044638524987869965 0.044638524987869965 0.044638524987869965 0.04475982532751092 
spearmanr user
0.6804474216518821 0.6661273061456152 0.6609733791000918 0.6578223187307614 0.6565132155371867 0.6554476422671075 0.6545366966458949 0.65397117264726 0.6536824146153355 0.649867574860757 
spearmanr tweet
0.2734468894106621 0.2745356296593522 0.27497111780232114 0.27535542524919304 0.2758703964997679 0.2761632017304486 0.27624236368994065 0.27585310017295034 0.27439024229089415 0.1888470937909213 
Iteration 
38 34 33 33 33 33 33 33 33 33 
