

topk:0.01 alpha:0.85 delta:0 beta:0.425 gamma:0.425
topk user
0.020833333333333332 0.3909313725490196 0.40931372549019607 0.41299019607843135 0.41237745098039214 0.41544117647058826 0.4172794117647059 0.42034313725490197 0.41421568627450983 0.42034313725490197 0.4215686274509804 0.42034313725490197 0.4221813725490196 0.42340686274509803 0.4209558823529412 0.42034313725490197 0.4227941176470588 0.4221813725490196 0.42401960784313725 0.42340686274509803 0.42340686274509803 
topk tweet
0.49579604014103607 0.026308652020612965 0.025223759153783564 0.024410089503661515 0.026579875237320316 0.024952535937076213 0.024681312720368862 0.025766205587198263 0.024681312720368862 0.025766205587198263 0.024952535937076213 0.025223759153783564 0.024681312720368862 0.024952535937076213 0.024410089503661515 0.023596419853539462 0.024681312720368862 0.025494982370490915 0.024681312720368862 0.024952535937076213 0.025223759153783564 
spearmanr user
0.0067740102772687084 0.6657419536267452 0.7006568484477965 0.7116399068691869 0.7125420004709662 0.7162420967045341 0.7165546111762565 0.7161453609625053 0.7138049237242274 0.7126513742904903 0.7128234537988523 0.710605005757901 0.7084079422733349 0.707335766194384 0.7066077168414417 0.7044542368128868 0.703763094426482 0.7016823220387416 0.7003686018563817 0.6989753658348311 0.6975924400797981 
spearmanr tweet
0.11313027065341363 0.18024961530941597 0.17733466741004128 0.17505557759927962 0.1737945716099725 0.16968521845010706 0.1700870593293089 0.16723653085562454 0.16673094481429998 0.16571701885114998 0.16439672334012953 0.1640381836384392 0.16373982929321218 0.16267060172048928 0.16203337620896285 0.16257051667231007 0.16203304738339291 0.1611212113780736 0.1605898015463 0.16036846803694402 0.15992489683990918 
