

topk:0.01 alpha:1.0 delta:0.425 beta:0.425 gamma:0.425
topk user
0.42401960784313725 0.42401960784313725 0.42401960784313725 0.42401960784313725 0.42401960784313725 0.42401960784313725 0.42340686274509803 0.42340686274509803 0.42340686274509803 0.42340686274509803 
topk tweet
0.025223759153783564 0.025223759153783564 0.025223759153783564 0.025223759153783564 0.025223759153783564 0.025223759153783564 0.025223759153783564 0.025223759153783564 0.025223759153783564 0.025223759153783564 
spearmanr user
0.6841457630435185 0.6873956379044391 0.6892164471348478 0.6910570199096729 0.6925004861243139 0.6937968916119859 0.695352424600238 0.6967348926885908 0.6987236782586476 0.6969285610234465 
spearmanr tweet
0.14087964405395226 0.14316947898021626 0.14580841847216136 0.14780347698518378 0.15080442173378944 0.15360860292093956 0.1557974099367898 0.15878403298338162 0.16082963015691396 0.16268963086321042 
Iteration 
21 21 21 21 21 22 22 22 22 23 
