

topk:0.01 alpha:0.425 delta:0.425 beta:0.5 gamma:0.5
topk user
0.30049566294919455 0.30049566294919455 0.30049566294919455 0.30049566294919455 0.30049566294919455 0.30049566294919455 0.30049566294919455 0.30049566294919455 0.30049566294919455 0.30049566294919455 
topk tweet
0.033008252063015754 0.033008252063015754 0.033008252063015754 0.033008252063015754 0.033008252063015754 0.033008252063015754 0.033008252063015754 0.033008252063015754 0.033008252063015754 0.033008252063015754 
spearmanr user
0.7014086613608462 0.6923281240807526 0.6869754883304418 0.6816152192022874 0.6768533182213621 0.6721508317326711 0.6675791115387082 0.6631942253571913 0.6584645416039077 0.6540228878556696 
spearmanr tweet
0.17604927454949326 0.17404240749626185 0.17272888738913764 0.17125583966257613 0.16938876680045695 0.16788508803058097 0.16612352182556633 0.16382223792169737 0.1589625974755931 0.10485561732725412 
Iteration 
85 86 87 87 87 87 87 87 87 87 
