

topk:0.01 alpha:0.5 delta:0.5 beta:0.425 gamma:0.425
topk user
0.42401960784313725 0.42401960784313725 0.42401960784313725 0.42401960784313725 0.42401960784313725 0.42401960784313725 0.42401960784313725 0.42340686274509803 0.42340686274509803 0.42340686274509803 
topk tweet
0.025223759153783564 0.025223759153783564 0.025223759153783564 0.025223759153783564 0.025223759153783564 0.025223759153783564 0.025223759153783564 0.025223759153783564 0.025223759153783564 0.025223759153783564 
spearmanr user
0.6823010625493541 0.6847730039940108 0.6867946618477724 0.6882634297952314 0.6897856881802515 0.6915149003138452 0.6928611905382541 0.6948826602350441 0.6969638541872034 0.6968329835128947 
spearmanr tweet
0.13981784642221873 0.14156402403036233 0.14293347608008405 0.14515676027102867 0.14673750297163357 0.14896888948408632 0.15208842998951128 0.15530281273283625 0.1595085173401328 0.1628814101499141 
Iteration 
21 21 21 21 21 21 21 22 22 23 
