

topk:0.01 alpha:1.0 delta:0.425 beta:0.425 gamma:0.425
topk user
0.4930506890913338 0.4964377481896753 0.4929338939500117 0.486510161177295 0.4750058397570661 0.4587129175426302 0.43669703340341043 0.39552674608736277 0.3055944872693296 0.08461807988787666 
topk tweet
0.00558984511470828 0.005822755327821125 0.006288575754046815 0.006172120647490393 0.006288575754046815 0.006288575754046815 0.006288575754046815 0.006288575754046815 0.00652148596715966 0.00652148596715966 
spearmanr user
0.3812636238419244 0.38093360141834437 0.38019797315192644 0.3787637394493196 0.3768718855038304 0.3742551208235346 0.36976827264308954 0.3611445686873468 0.33855344493723677 0.08005208268456733 
spearmanr tweet
-0.10483649819484948 -0.10889830584656425 -0.11257462802139791 -0.11645422195959683 -0.12087929698360292 -0.12623505219467807 -0.1330866488427371 -0.14250950206653393 -0.15668898651501903 -0.1811146753455521 
Iteration 
93 88 98 108 119 131 147 169 204 275 
