

topk:0.01 alpha:0.425 delta:0.425 beta:0.5 gamma:0.5
topk user
0.45571955719557194 0.45571955719557194 0.45571955719557194 0.45571955719557194 0.45571955719557194 0.45571955719557194 0.45571955719557194 0.45571955719557194 0.45571955719557194 0.45571955719557194 
topk tweet
0.009621993127147767 0.009621993127147767 0.009621993127147767 0.009621993127147767 0.009621993127147767 0.009621993127147767 0.009621993127147767 0.009621993127147767 0.009621993127147767 0.009621993127147767 
spearmanr user
0.8036052367964343 0.7916592005917376 0.7836835532675909 0.7779448079965855 0.7733248491268913 0.769638249180374 0.7664915141842323 0.7639466955252627 0.7614668780031018 0.7587333181662322 
spearmanr tweet
0.15781732368357185 0.15659971589800023 0.15681955139679743 0.15528857120214498 0.15449435849214607 0.15343946231206737 0.1519481281431223 0.1497190811513561 0.14758301868868826 0.13384538820720096 
Iteration 
27 28 28 28 28 28 28 28 28 28 
