

topk:0.01 alpha:0.85 delta:0.425 beta:0.5 gamma:0.5
topk user
0.30049566294919455 0.30049566294919455 0.30049566294919455 0.30049566294919455 0.30049566294919455 0.30049566294919455 0.30049566294919455 0.30049566294919455 0.30049566294919455 0.30049566294919455 
topk tweet
0.03319579894973743 0.033008252063015754 0.033008252063015754 0.033008252063015754 0.033008252063015754 0.033008252063015754 0.033008252063015754 0.033008252063015754 0.033008252063015754 0.033008252063015754 
spearmanr user
0.6983043449674845 0.6900890124958807 0.6856273489390884 0.6822258620412367 0.679051098382681 0.6753816830164899 0.6713199399656726 0.6669833472063277 0.6620242975328188 0.6567914001455329 
spearmanr tweet
0.1675120771862422 0.16530214846241764 0.16401400936821664 0.16320300735703794 0.1615990060574249 0.16076139700146816 0.15912078653428532 0.1580040395148686 0.15331137745255713 0.0982345853638261 
Iteration 
85 86 87 87 87 87 87 87 87 87 
