

topk:0.01 alpha:0.5 delta:0.5 beta:0.425 gamma:0.425
topk user
0.30049566294919455 0.30049566294919455 0.30049566294919455 0.30049566294919455 0.30049566294919455 0.30049566294919455 0.30049566294919455 0.30049566294919455 0.30049566294919455 0.30049566294919455 
topk tweet
0.033008252063015754 0.033008252063015754 0.033008252063015754 0.033008252063015754 0.033008252063015754 0.033008252063015754 0.033008252063015754 0.033008252063015754 0.033008252063015754 0.033008252063015754 
spearmanr user
0.6494093606049646 0.6500240517985818 0.6515929374415559 0.6526682078598393 0.6535693027624992 0.6549583106018989 0.6571840655551832 0.6590923105066129 0.6630423444163024 0.6598858538388631 
spearmanr tweet
0.1417616950391041 0.14413598841615813 0.1466055863191388 0.14875778359044572 0.15160490168511767 0.154071699156435 0.15734640748427708 0.16015933854948444 0.1627509079134061 0.1626779377063355 
Iteration 
86 86 86 86 86 86 87 87 87 88 
