

topk:0.01 alpha:0.5 delta:0.5 beta:0.425 gamma:0.425
topk user
0.45571955719557194 0.45571955719557194 0.45571955719557194 0.45571955719557194 0.45571955719557194 0.45571955719557194 0.45571955719557194 0.45571955719557194 0.45571955719557194 0.45571955719557194 
topk tweet
0.009621993127147767 0.009621993127147767 0.009621993127147767 0.009621993127147767 0.009621993127147767 0.009621993127147767 0.009621993127147767 0.009621993127147767 0.009621993127147767 0.009621993127147767 
spearmanr user
0.7611062474974724 0.7611994064552499 0.761413494540291 0.7616923969791694 0.7617527655131894 0.761998773188564 0.7621634649016132 0.7623857673537698 0.7628267456487883 0.7593374458769322 
spearmanr tweet
0.14191578674289998 0.14275815481370002 0.14403154635639637 0.14484431763549008 0.1458272126271687 0.14669299759212195 0.14745247081813964 0.14820261561912038 0.14873858319413216 0.14885181230775954 
Iteration 
28 28 28 28 28 28 28 28 28 29 
