

topk:0.01 alpha:0.425 delta:0.425 beta:0.85 gamma:0.0
topk user
0.5769679981312775 0.5874211632796076 0.600560616678346 0.6047068441952812 0.6024293389395 0.6019621583742117 0.5998598458304135 0.5781943471151598 0.5580471852370941 0.5386591917776221 0.5204975473020321 0.50385423966363 0.4840574632095304 0.4599976640971734 0.4351786965662229 0.4133964027096474 0.4003153468815698 0.3759051623452463 0.34536323288951193 0.3196683017986451 0.2824106517168886 
topk tweet
0.0019797368114591826 0.029346686852218463 0.07418190287644115 0.09211598928613024 0.11319436357284267 0.13019680913008042 0.14696634447420515 0.1498777221381157 0.1646675206707814 0.1665308023756841 0.17212064749039246 0.17351810876906948 0.17398392919529518 0.1765459415395365 0.18271806218702696 0.18574589495749383 0.18935600326074292 0.19063700943286357 0.19296611156399204 0.1958774892279026 0.21346221031792245 
spearmanr user
0.25674959116717255 0.31115826742028013 0.3369643574191316 0.33015951306740565 0.34414135449670513 0.3630148530985038 0.3732208762715156 0.3988936298110585 0.4152981115777184 0.43119515255199775 0.4484811860184072 0.46120944021449073 0.47493125466850133 0.4797496590348416 0.4909478523828022 0.492218047457884 0.49277450212510293 0.49132690831078146 0.48291547977534605 0.469069404172375 0.4456573869738369 
spearmanr tweet
-0.17173481420547268 -0.1267168013057893 -0.09277943175112348 -0.049874585339850994 -0.00531431084645886 0.054537015715398277 0.1018036467137879 0.16447895528127743 0.2172939776971758 0.26551210299415084 0.30486159075664854 0.3321902250179241 0.3697150369824794 0.40116044600153244 0.44371908455132114 0.4642813692138292 0.4836494898818929 0.5069107143390928 0.5330051639809491 0.5591690478239533 0.5794087887577195 
