

topk:0.01 alpha:1.0 delta:0.425 beta:0.425 gamma:0.425
topk user
0.45571955719557194 0.45571955719557194 0.45571955719557194 0.45571955719557194 0.45571955719557194 0.45571955719557194 0.45571955719557194 0.45571955719557194 0.45571955719557194 0.45571955719557194 
topk tweet
0.009621993127147767 0.009621993127147767 0.009621993127147767 0.009621993127147767 0.009621993127147767 0.009621993127147767 0.009621993127147767 0.009621993127147767 0.009621993127147767 0.009621993127147767 
spearmanr user
0.7611180347026995 0.7615429541584263 0.7615948708208884 0.7618666101646029 0.7620413893465146 0.7621945602933589 0.7624264046829086 0.7627621864272425 0.762965187564529 0.7593034044279495 
spearmanr tweet
0.1414945081925968 0.14296788349178519 0.1441024988779794 0.14514183468014558 0.1457988789817647 0.14638423354672858 0.1469572305369017 0.14736491074176405 0.14748139114032252 0.14837803027365146 
Iteration 
28 28 28 28 28 28 28 28 28 29 


topk:0.01 alpha:1.0 delta:0.425 beta:0.425 gamma:0.425
topk user
0.45571955719557194 0.45571955719557194 0.45571955719557194 0.45571955719557194 0.45571955719557194 0.45571955719557194 0.45571955719557194 0.45571955719557194 0.45571955719557194 0.45571955719557194 
topk tweet
0.009621993127147767 0.009621993127147767 0.009621993127147767 0.009621993127147767 0.009621993127147767 0.009621993127147767 0.009621993127147767 0.009621993127147767 0.009621993127147767 0.009621993127147767 
spearmanr user
0.7611180347026995 0.7615429541584263 0.7615948708208884 0.7618666101646029 0.7620413893465146 0.7621945602933589 0.7624264046829086 0.7627621864272425 0.762965187564529 0.7593034044279495 
spearmanr tweet
0.1414945081925968 0.14296788349178519 0.1441024988779794 0.14514183468014558 0.1457988789817647 0.14638423354672858 0.1469572305369017 0.14736491074176405 0.14748139114032252 0.14837803027365146 
Iteration 
28 28 28 28 28 28 28 28 28 29 
