

topk:0.01 alpha:0.85 delta:0 beta:0.425 gamma:0.425
topk user
0.02029520295202952 0.3505535055350554 0.39114391143911437 0.3948339483394834 0.4095940959409594 0.4188191881918819 0.43726937269372695 0.44095940959409596 0.4483394833948339 0.44649446494464945 0.45018450184501846 0.44095940959409596 0.45571955719557194 0.43911439114391143 0.45571955719557194 0.45571955719557194 0.45387453874538747 0.45018450184501846 0.45202952029520294 0.46309963099630996 0.45571955719557194 
topk tweet
0.01718213058419244 0.010309278350515464 0.010309278350515464 0.008934707903780068 0.010309278350515464 0.008247422680412371 0.010309278350515464 0.008247422680412371 0.008934707903780068 0.007560137457044674 0.008247422680412371 0.008934707903780068 0.009621993127147767 0.010309278350515464 0.008247422680412371 0.006872852233676976 0.008934707903780068 0.008934707903780068 0.009621993127147767 0.009621993127147767 0.009621993127147767 
spearmanr user
0.11013520991467811 0.7333133347280754 0.7594363392680111 0.772156454482176 0.7751797529666792 0.7762120373339195 0.7771521259171349 0.7780720235016217 0.777708746335869 0.7772814769952614 0.7740689137751449 0.7742379141368012 0.7738809200892973 0.7728107492081602 0.7699976935313299 0.7683222005823105 0.768586198438017 0.7660485175259485 0.7652673158113718 0.7639747926321208 0.7627393242933027 
spearmanr tweet
0.03157806248896873 0.1679920851546803 0.16813774445612137 0.16718837301565737 0.16363296843384034 0.16224820504981707 0.160519602047213 0.15944611011155674 0.15794257454021776 0.1578174334474831 0.15508209597180625 0.15575526014376653 0.15342263088372013 0.15345680810232173 0.1530401997833605 0.1514751015175407 0.15172753516104323 0.14997154090376166 0.14902473889339324 0.14882752639556465 0.14754245700782176 
