

topk:0.01 alpha:0.85 delta:0.425 beta:0.5 gamma:0.5
topk user
0.42401960784313725 0.42340686274509803 0.42340686274509803 0.42340686274509803 0.42340686274509803 0.42340686274509803 0.42340686274509803 0.42340686274509803 0.42340686274509803 0.42340686274509803 
topk tweet
0.026308652020612965 0.025766205587198263 0.025494982370490915 0.025494982370490915 0.025223759153783564 0.025223759153783564 0.025223759153783564 0.025223759153783564 0.025223759153783564 0.025223759153783564 
spearmanr user
0.7258412635344583 0.716191602908279 0.7113433577188839 0.7077870590054083 0.7048874338896499 0.7024927133312963 0.7004817695841487 0.6984406838919148 0.6969687474294697 0.6951795838069857 
spearmanr tweet
0.16087232734422877 0.16042760478374576 0.1599711371248693 0.15969432272473094 0.15923189678662872 0.15875732429494863 0.1577264248101826 0.1584501540598163 0.16179848879009293 0.14349443132889272 
Iteration 
22 22 22 22 22 22 22 22 22 22 


topk:0.01 alpha:0.85 delta:0.425 beta:0.5 gamma:0.5
topk user
0.42401960784313725 0.42340686274509803 0.42340686274509803 0.42340686274509803 0.42340686274509803 0.42340686274509803 0.42340686274509803 0.42340686274509803 0.42340686274509803 0.42340686274509803 
topk tweet
0.026308652020612965 0.025766205587198263 0.025494982370490915 0.025494982370490915 0.025223759153783564 0.025223759153783564 0.025223759153783564 0.025223759153783564 0.025223759153783564 0.025223759153783564 
spearmanr user
0.7258412635344583 0.716191602908279 0.7113433577188839 0.7077870590054083 0.7048874338896499 0.7024927133312963 0.7004817695841487 0.6984406838919148 0.6969687474294697 0.6951795838069857 
spearmanr tweet
0.16087232734422888 0.16042760478374596 0.1599711371248694 0.15969432272473108 0.15923189678662886 0.15875732429494874 0.15772642481018273 0.1584501540598164 0.1617984887900931 0.14349443132889284 
Iteration 
22 22 22 22 22 22 22 22 22 22 
